version https://git-lfs.github.com/spec/v1
oid sha256:f65c57dcc279cb41e7ff17fe1fb1903a4c673f8cb5d7bc18f46f245c09024ec4
size 101399
