version https://git-lfs.github.com/spec/v1
oid sha256:9c5cf995e01c338200eb9da3dddabfa73c3ed14f07a1322cc08458d4a7492c4c
size 101605
