version https://git-lfs.github.com/spec/v1
oid sha256:fe14b29baf5a6894bf47a43781b569c52e16534403a27edb09362d4d334d066c
size 101345
