version https://git-lfs.github.com/spec/v1
oid sha256:1f41991e5c1cf0d55e498b6d936edaaba2186dae5e112a9944ace9d1f29016fd
size 101227
