version https://git-lfs.github.com/spec/v1
oid sha256:9d25f81867f1a609b0ccb55373a132b52752eb45c86c95ef62dba2dee778260b
size 101481
