version https://git-lfs.github.com/spec/v1
oid sha256:047c13f82e8f2e5f4ad4b09c4b6115deecf3638ee542a28e5540a68d59c9827e
size 101534
