version https://git-lfs.github.com/spec/v1
oid sha256:b98b3bec93558304b47d8aeb186010ad2ab07c0fdfa9748b22e18ca987299942
size 101445
