version https://git-lfs.github.com/spec/v1
oid sha256:ccebb1525a2d8820a58c305b8fcb0c066f3cec0ee1a83a6ea20a3d5fd8748050
size 101541
