version https://git-lfs.github.com/spec/v1
oid sha256:8202554364a0bb3b1bac0ea33f1a7c98f18de3f886549768d346bdb86811bc2e
size 101513
