version https://git-lfs.github.com/spec/v1
oid sha256:5319620321e21182c1aee7dd4ab358934bed852bd10408babdb68491002e7f75
size 101559
