version https://git-lfs.github.com/spec/v1
oid sha256:1aeaf8e5fdd8ecb4a0513f2a843bdbd4181e9c9177d48e2e65964d5d8157cb76
size 101554
