version https://git-lfs.github.com/spec/v1
oid sha256:5f59560eda75ab5353c817cd44bbbae443f19a22d94233cc0f8a797ada095f58
size 101549
