version https://git-lfs.github.com/spec/v1
oid sha256:c1636c97e0cd3a001d2b07e2a3138a8cbc4f0df4442b826cb14bc65ee5bee413
size 101463
