version https://git-lfs.github.com/spec/v1
oid sha256:b5e585b7fd2aea9abe8396c45c4902620dd9304c08c97e195534bdd1ba023517
size 50797
